Listening to port 4567
Connected!!!
EKF: 
x_ = 0.812616
0.692064
  7.1225
 1.33983
P_ =    0.020856    0.035465  0.00508985 -0.00295246
   0.035465   0.0621901  -0.0027255  0.00207684
 0.00508985  -0.0027255     214.881    -123.439
-0.00295246  0.00207684    -123.439     71.0299
x_ =    1.19545
  0.527402
   9.51619
-0.0500679
P_ =   0.0207913 -0.00177984    0.327909   -0.187787
-0.00177984   0.0187174   -0.187722    0.109049
   0.327909   -0.187722     6.72352    -3.79477
  -0.187787    0.109049    -3.79477     2.29047
x_ =  1.08199
0.561542
 4.61491
 2.33743
P_ =  0.00590644  0.00291987   0.0218324  -0.0247761
 0.00291987  0.00348102  0.00664637 -0.00335189
  0.0218324  0.00664637    0.130849   -0.106862
 -0.0247761 -0.00335189   -0.106862    0.233812
x_ =   1.4013
0.687338
 4.93194
 1.97889
P_ =  0.00607114  0.00109313   0.0210659  -0.0224246
 0.00109313  0.00313745 -0.00028434  0.00912331
  0.0210659 -0.00028434    0.126272    -0.07855
 -0.0224246  0.00912331    -0.07855    0.222685
x_ =  1.74827
0.643322
 5.32308
 1.01935
P_ =  0.00545667  0.00118928   0.0131102  -0.0145168
 0.00118928  0.00227232 0.000621079  0.00492647
  0.0131102 0.000621079    0.067492  -0.0399256
 -0.0145168  0.00492647  -0.0399256    0.130094
x_ =  2.05502
0.690829
 5.42703
0.898712
P_ =  0.00530658 0.000265029   0.0130429  -0.0127597
0.000265029  0.00272382 -0.00140952   0.0107362
  0.0130429 -0.00140952   0.0800237  -0.0296019
 -0.0127597   0.0107362  -0.0296019    0.137507
x_ =  2.29551
0.695441
 5.24488
0.722819
P_ =     0.005018  0.000295209   0.00887074  -0.00969488
 0.000295209   0.00242202 -0.000916421   0.00913463
  0.00887074 -0.000916421    0.0513088   -0.0209208
 -0.00969488   0.00913463   -0.0209208     0.111047
x_ =  2.57897
0.721635
 5.29042
0.648682
P_ =   0.00476437 -0.000195268   0.00944093  -0.00833419
-0.000195268   0.00312147  -0.00158607    0.0130407
  0.00944093  -0.00158607    0.0686358    -0.015339
 -0.00833419    0.0130407    -0.015339      0.12073
x_ =  2.86044
0.708274
 5.29924
0.435313
P_ =   0.00460618 -7.81869e-05   0.00686797  -0.00645455
-7.81869e-05   0.00295707  -0.00129425    0.0116043
  0.00686797  -0.00129425    0.0473854   -0.0147251
 -0.00645455    0.0116043   -0.0147251     0.106066
x_ =  3.10485
0.716569
 5.26608
0.403169
P_ =   0.00436531 -0.000338762   0.00786789  -0.00553266
-0.000338762   0.00367168  -0.00155161     0.014511
  0.00786789  -0.00155161    0.0663186   -0.0110058
 -0.00553266     0.014511   -0.0110058     0.115531
x_ =  3.40045
 0.64531
 5.30962
0.029768
P_ =   0.00430539 -0.000228785   0.00593248  -0.00449634
-0.000228785   0.00359617  -0.00138765    0.0135224
  0.00593248  -0.00138765    0.0461934    -0.012367
 -0.00449634    0.0135224    -0.012367     0.108047
x_ =   3.71293
  0.57998
  5.40425
-0.243591
P_ =   0.00410236 -0.000367455   0.00716656  -0.00386389
-0.000367455   0.00423796  -0.00148437    0.0157332
  0.00716656  -0.00148437    0.0657566  -0.00945232
 -0.00386389    0.0157332  -0.00945232     0.116042
x_ =   3.99465
 0.596332
  5.46327
-0.140556
P_ =   0.00409709 -0.000284926   0.00540253  -0.00321636
-0.000284926   0.00430132  -0.00104124    0.0154629
  0.00540253  -0.00104124    0.0449822  -0.00884335
 -0.00321636    0.0154629  -0.00884335     0.114026
x_ =   4.27522
  0.58638
  5.47624
-0.153653
P_ =   0.00392503 -0.000337121   0.00675899  -0.00269478
-0.000337121   0.00482171  -0.00104245    0.0170159
  0.00675899  -0.00104245    0.0649459  -0.00673771
 -0.00269478    0.0170159  -0.00673771     0.119656
x_ =    4.53231
  0.604402
   5.33071
-0.0754299
P_ =   0.00395496 -0.000289504   0.00520748  -0.00242614
-0.000289504   0.00501889 -0.000976492    0.0172444
  0.00520748 -0.000976492     0.044729  -0.00803531
 -0.00242614    0.0172444  -0.00803531     0.119996
x_ =  4.71896
0.677879
 5.18637
 0.20491
P_ =   0.00381492 -0.000303264   0.00663035  -0.00202755
-0.000303264   0.00536738  -0.00094156    0.0180895
  0.00663035  -0.00094156     0.064812  -0.00620573
 -0.00202755    0.0180895  -0.00620573     0.123101
x_ =    4.971
0.674071
 5.03923
0.142407
P_ =   0.00386696 -0.000296543   0.00519341  -0.00210078
-0.000296543   0.00563233  -0.00130068    0.0185609
  0.00519341  -0.00130068    0.0450095  -0.00952402
 -0.00210078    0.0185609  -0.00952402     0.124429
x_ =  5.27278
0.668713
 5.12843
0.091144
P_ =  0.00375344 -0.00030329  0.00664681 -0.00180545
-0.00030329  0.00579464 -0.00121134   0.0187828
 0.00664681 -0.00121134   0.0650487 -0.00739825
-0.00180545   0.0187828 -0.00739825    0.125565
x_ =  5.53432
0.673927
 5.26749
0.106915
P_ =    0.0038132 -0.000314382   0.00518257  -0.00195196
-0.000314382   0.00621623  -0.00140254    0.0198671
  0.00518257  -0.00140254    0.0449362  -0.00952555
 -0.00195196    0.0198671  -0.00952555     0.129307
x_ =  5.83433
0.684288
 5.33211
0.115745
P_ =   0.00371494 -0.000306175   0.00664679  -0.00166134
-0.000306175   0.00618555  -0.00125356    0.0194681
  0.00664679  -0.00125356    0.0649706   -0.0073098
 -0.00166134    0.0194681   -0.0073098     0.128357
x_ =     6.0741
  0.626742
   5.12797
-0.0939577
P_ =   0.00378073 -0.000338802   0.00518182  -0.00189335
-0.000338802   0.00677313  -0.00147302    0.0211239
  0.00518182  -0.00147302    0.0448555  -0.00945236
 -0.00189335    0.0211239  -0.00945236     0.133948
x_ =   6.3279
0.716893
 5.11309
0.197101
P_ =   0.00369165 -0.000314565   0.00664942  -0.00158095
-0.000314565   0.00654205  -0.00126826    0.0200979
  0.00664942  -0.00126826    0.0648854  -0.00715323
 -0.00158095    0.0200979  -0.00715323     0.130928
x_ =  6.57819
0.745567
 5.06319
 0.25129
P_ =   0.00376246 -0.000368883   0.00519415  -0.00190057
-0.000368883   0.00725371  -0.00159474    0.0221562
  0.00519415  -0.00159474    0.0448582  -0.00971113
 -0.00190057    0.0221562  -0.00971113      0.13769
x_ =  6.82395
0.745461
 5.05123
0.214377
P_ =   0.00367897 -0.000330645   0.00666099  -0.00156095
-0.000330645   0.00683421  -0.00133087    0.0205764
  0.00666099  -0.00133087    0.0648669  -0.00725372
 -0.00156095    0.0205764  -0.00725372     0.132952
x_ =  7.06524
0.731069
 4.87724
 0.12458
P_ =  0.00375234 -0.00039939  0.00520332  -0.0019274
-0.00039939   0.0076764 -0.00168138   0.0230567
 0.00520332 -0.00168138   0.0448456 -0.00985166
 -0.0019274   0.0230567 -0.00985166    0.140953
x_ =  7.27769
0.809163
 4.81298
0.341467
P_ =   0.00367171 -0.000346467    0.0066678  -0.00155285
-0.000346467   0.00708197  -0.00136638    0.0209771
   0.0066678  -0.00136638    0.0648404  -0.00727217
 -0.00155285    0.0209771  -0.00727217     0.134695
x_ =  7.57802
0.823003
 5.15841
0.349093
P_ =   0.00374934 -0.000438854   0.00522736  -0.00201304
-0.000438854   0.00803401  -0.00186088    0.0237938
  0.00522736  -0.00186088    0.0449426   -0.0104843
 -0.00201304    0.0237938   -0.0104843     0.143579
x_ =  7.83295
0.801687
 5.15729
0.236494
P_ =   0.00367012 -0.000372657   0.00668652  -0.00160109
-0.000372657   0.00728371  -0.00147988    0.0212846
  0.00668652  -0.00147988    0.0648973  -0.00765611
 -0.00160109    0.0212846  -0.00765611     0.136067
x_ =  8.08078
0.818617
 4.97725
0.236904
P_ =    0.0037463 -0.000463943      0.00522  -0.00202166
-0.000463943   0.00838448  -0.00183002    0.0245723
     0.00522  -0.00183002    0.0448326   -0.0100966
 -0.00202166    0.0245723   -0.0100966      0.14637
x_ =  8.31617
0.835122
 4.95239
0.252063
P_ =   0.00366676 -0.000380761   0.00667695  -0.00156556
-0.000380761   0.00747971  -0.00142288     0.021622
  0.00667695  -0.00142288    0.0648038  -0.00729457
 -0.00156556     0.021622  -0.00729457     0.137507
x_ =  8.59021
0.925229
 5.23481
0.497068
P_ =   0.00374445 -0.000483782   0.00521801  -0.00202668
-0.000483782   0.00868914   -0.0018505    0.0252243
  0.00521801   -0.0018505     0.044801    -0.010054
 -0.00202668    0.0252243    -0.010054     0.148615
x_ =  8.83302
0.985372
 5.19724
0.600143
P_ =   0.00366477 -0.000388213   0.00667358  -0.00154426
-0.000388213   0.00764473  -0.00141528    0.0218877
  0.00667358  -0.00141528     0.064774  -0.00721435
 -0.00154426    0.0218877  -0.00721435     0.138628
x_ =  9.12543
 1.02376
 5.24453
0.618866
P_ =   0.00375008 -0.000533858   0.00526234  -0.00218794
-0.000533858   0.00896549  -0.00217092    0.0257865
  0.00526234  -0.00217092    0.0450612   -0.0114289
 -0.00218794    0.0257865   -0.0114289     0.150374
x_ =  9.36625
 1.05527
 5.20562
0.623164
P_ =   0.00367004 -0.000426739   0.00670828  -0.00166695
-0.000426739   0.00778835  -0.00163989    0.0220921
  0.00670828  -0.00163989     0.064953  -0.00813778
 -0.00166695    0.0220921  -0.00813778     0.139416
x_ =  9.64759
 1.12917
  5.2557
0.744112
P_ =   0.00375711 -0.000585492   0.00529306  -0.00233775
-0.000585492   0.00921624  -0.00235868    0.0263065
  0.00529306  -0.00235868    0.0451863   -0.0121002
 -0.00233775    0.0263065   -0.0121002     0.152053
x_ = 9.92719
1.26193
5.27517
1.01024
P_ =   0.00367513 -0.000460888   0.00672869  -0.00175598
-0.000460888   0.00791663  -0.00175469    0.0222825
  0.00672869  -0.00175469    0.0650284  -0.00853188
 -0.00175598    0.0222825  -0.00853188     0.140184
x_ = 10.1725
1.34401
5.01763
 1.0725
P_ =   0.00377256 -0.000668525   0.00537196  -0.00262037
-0.000668525   0.00943965  -0.00279337     0.026733
  0.00537196  -0.00279337     0.045608   -0.0139277
 -0.00262037     0.026733   -0.0139277     0.153248
x_ = 10.3934
 1.4236
4.95948
1.14887
P_ =   0.00368781 -0.000523382   0.00678725  -0.00195996
-0.000523382   0.00802534  -0.00205394    0.0224119
  0.00678725  -0.00205394    0.0653114  -0.00973603
 -0.00195996    0.0224119  -0.00973603     0.140638
x_ = 10.6234
1.49391
4.72563
1.15864
P_ =   0.00379244 -0.000760909   0.00545623  -0.00292292
-0.000760909   0.00961892  -0.00317665    0.0270534
  0.00545623  -0.00317665     0.046011   -0.0154896
 -0.00292292    0.0270534   -0.0154896     0.154147
x_ = 10.8412
1.51946
4.69672
1.07182
P_ =   0.00370302 -0.000589472   0.00684659  -0.00216346
-0.000589472   0.00810909  -0.00230918    0.0224958
  0.00684659  -0.00230918     0.065574   -0.0107393
 -0.00216346    0.0224958   -0.0107393     0.140974
x_ = 11.1126
1.56188
4.88898
1.05345
P_ =   0.00380958 -0.000836642   0.00550662  -0.00313888
-0.000836642   0.00977037  -0.00335904    0.0273436
  0.00550662  -0.00335904    0.0461926   -0.0161922
 -0.00313888    0.0273436   -0.0161922     0.155079
x_ =  11.395
1.60806
4.95926
1.03016
P_ =    0.0037145 -0.000637751   0.00687735  -0.00228587
-0.000637751   0.00818013   -0.0024156    0.0225835
  0.00687735   -0.0024156     0.065684   -0.0111568
 -0.00228587    0.0225835   -0.0111568     0.141385
x_ =  11.6264
 1.64914
  4.8631
0.993623
P_ =   0.00382166 -0.000891979   0.00552844  -0.00326934
-0.000891979   0.00992303  -0.00342359    0.0276712
  0.00552844  -0.00342359    0.0462406   -0.0164374
 -0.00326934    0.0276712   -0.0164374     0.156156
x_ = 11.8532
1.71879
4.83021
1.05058
P_ =   0.00372149 -0.000668806   0.00688693   -0.0023432
-0.000668806   0.00825352  -0.00243835    0.0226991
  0.00688693  -0.00243835    0.0657085   -0.0112793
  -0.0023432    0.0226991   -0.0112793     0.141869
x_ = 12.1138
1.80253
4.99067
1.15396
P_ =   0.00383185 -0.000937715    0.0055539  -0.00337804
-0.000937715    0.0100538  -0.00352316     0.027936
   0.0055539  -0.00352316    0.0463562    -0.016889
 -0.00337804     0.027936    -0.016889     0.156964
x_ =  12.359
1.83315
4.98666
1.08064
P_ =   0.00372781 -0.000695675   0.00690178   -0.0023991
-0.000695675   0.00831493  -0.00249277    0.0227841
  0.00690178  -0.00249277    0.0657852   -0.0115669
  -0.0023991    0.0227841   -0.0115669     0.142208
x_ = 12.6186
1.88187
5.09359
1.07794
P_ =   0.00384084 -0.000977668   0.00557844  -0.00347742
-0.000977668    0.0101756   -0.0036214    0.0281843
  0.00557844   -0.0036214    0.0464743   -0.0173376
 -0.00347742    0.0281843   -0.0173376     0.157706
x_ =  12.819
2.03379
4.98015
1.35174
P_ =   0.00373345 -0.000719225   0.00691663  -0.00245248
-0.000719225   0.00837169  -0.00254772    0.0228633
  0.00691663  -0.00254772     0.065864   -0.0118542
 -0.00245248    0.0228633   -0.0118542     0.142508
x_ =   13.09
2.14094
  5.129
1.47651
P_ =  0.00385642 -0.00103594  0.00564879  -0.0036646
-0.00103594   0.0102747  -0.0039054    0.028348
 0.00564879  -0.0039054   0.0468586  -0.0185792
 -0.0036646    0.028348  -0.0185792     0.15805
x_ = 13.2968
2.29544
5.02541
1.70192
P_ =   0.00374531 -0.000760674   0.00696686  -0.00258436
-0.000760674   0.00841396  -0.00273734    0.0228913
  0.00696686  -0.00273734    0.0661217   -0.0126782
 -0.00258436    0.0228913   -0.0126782     0.142569
x_ = 13.4718
2.42145
4.61146
1.77696
P_ =  0.00388215 -0.00112059  0.00576673 -0.00395564
-0.00112059   0.0103533 -0.00432725    0.028442
 0.00576673 -0.00432725   0.0474729  -0.0203735
-0.00395564    0.028442  -0.0203735    0.158092
x_ = 13.7205
2.54838
4.63797
1.87679
P_ =   0.00376522 -0.000822759   0.00705102  -0.00279224
-0.000822759   0.00844294  -0.00302168    0.0228774
  0.00705102  -0.00302168    0.0665276   -0.0138579
 -0.00279224    0.0228774   -0.0138579     0.142447
x_ = 13.9416
 2.6467
4.58109
1.88366
P_ =  0.00391534 -0.00121951  0.00590334 -0.00428891
-0.00121951   0.0104101 -0.00474606   0.0284864
 0.00590334 -0.00474606   0.0481337  -0.0221308
-0.00428891   0.0284864  -0.0221308    0.157997
x_ = 14.1694
2.81494
4.56425
2.08253
P_ =   0.00378995 -0.000893183   0.00714569  -0.00301987
-0.000893183   0.00846012  -0.00329978    0.0228417
  0.00714569  -0.00329978    0.0669576   -0.0149985
 -0.00301987    0.0228417   -0.0149985     0.142263
x_ =  14.423
 2.9216
4.73882
2.11214
P_ =  0.00395411 -0.00132584  0.00605071   -0.004635
-0.00132584   0.0104556 -0.00514507   0.0285126
 0.00605071 -0.00514507   0.0488189  -0.0238084
  -0.004635   0.0285126  -0.0238084    0.157851
x_ = 14.6315
 2.9906
4.69392
2.01932
P_ =     0.003818 -0.000966903   0.00724551  -0.00324828
-0.000966903   0.00847114  -0.00356112    0.0227992
  0.00724551  -0.00356112    0.0674006   -0.0160815
 -0.00324828    0.0227992   -0.0160815     0.142051
x_ = 14.8655
3.13918
4.73835
2.16042
P_ =  0.00398686  -0.0014125  0.00614258 -0.00489059
 -0.0014125   0.0105047 -0.00533926   0.0285962
 0.00614258 -0.00533926   0.0491657  -0.0246466
-0.00489059   0.0285962  -0.0246466    0.158041
x_ = 15.0776
3.34856
4.67116
2.43494
P_ =  0.00383943 -0.00102148  0.00730137 -0.00339558
-0.00102148  0.00848762  -0.0036766   0.0228024
 0.00730137  -0.0036766   0.0676183  -0.0166038
-0.00339558   0.0228024  -0.0166038    0.142058
x_ = 15.2903
3.49531
4.46154
2.46697
P_ =  0.00403005 -0.00151611  0.00631252 -0.00521895
-0.00151611   0.0105338 -0.00576169   0.0285713
 0.00631252 -0.00576169   0.0500253  -0.0265009
-0.00521895   0.0285713  -0.0265009    0.157606
x_ = 15.5049
3.69766
4.42784
2.67819
P_ =  0.00387093 -0.00109386  0.00741864 -0.00361868
-0.00109386   0.0084891 -0.00395712   0.0227308
 0.00741864 -0.00395712   0.0681874  -0.0178335
-0.00361868   0.0227308  -0.0178335     0.14166
x_ = 15.7189
3.80917
4.36547
2.60564
P_ =  0.00408214 -0.00163051  0.00651458 -0.00558604
-0.00163051   0.0105465 -0.00621385   0.0284986
 0.00651458 -0.00621385   0.0510082  -0.0284472
-0.00558604   0.0284986  -0.0284472    0.157009
x_ = 15.9409
3.96053
4.36737
2.66057
P_ =  0.00390873 -0.00117357  0.00755669 -0.00386562
-0.00117357  0.00848078 -0.00425578   0.0226332
 0.00755669 -0.00425578   0.0688304  -0.0191117
-0.00386562   0.0226332  -0.0191117    0.141175
x_ = 16.1413
4.09002
4.15295
 2.6068
P_ =  0.00413116 -0.00173257  0.00667081 -0.00589791
-0.00173257   0.0105609 -0.00650267   0.0284769
 0.00667081 -0.00650267   0.0516762  -0.0297117
-0.00589791   0.0284769  -0.0297117    0.156749
x_ = 16.3335
4.30596
4.10264
2.83539
P_ =  0.00394197 -0.00124022  0.00765685 -0.00405723
-0.00124022  0.00847642 -0.00443771   0.0225772
 0.00765685 -0.00443771   0.0692598  -0.0199258
-0.00405723   0.0225772  -0.0199258    0.140914
x_ =  16.549
4.44971
4.12794
2.84017
P_ =  0.00418468 -0.00183594   0.0068591 -0.00621622
-0.00183594   0.0105622 -0.00685571   0.0283988
  0.0068591 -0.00685571    0.052569  -0.0312773
-0.00621622   0.0283988  -0.0312773    0.156181
x_ = 16.7239
4.63128
4.05857
2.95055
P_ =  0.00397943 -0.00130984  0.00778241 -0.00426348
-0.00130984   0.0084636  -0.0046674   0.0224859
 0.00778241  -0.0046674   0.0698463  -0.0209587
-0.00426348   0.0224859  -0.0209587     0.14046
x_ = 16.8852
4.77534
3.68424
2.86305
P_ =  0.00423957 -0.00193555  0.00704561 -0.00652205
-0.00193555   0.0105579 -0.00717609    0.028316
 0.00704561 -0.00717609   0.0534335  -0.0327092
-0.00652205    0.028316  -0.0327092    0.155627
x_ = 17.0383
5.03284
3.59491
3.16885
P_ =  0.00401737 -0.00137615   0.0079054 -0.00445879
-0.00137615  0.00844844  -0.0048742   0.0223957
  0.0079054  -0.0048742   0.0704128  -0.0219014
-0.00445879   0.0223957  -0.0219014    0.140021
x_ = 17.2166
5.16762
3.55428
3.09241
P_ =  0.00430489 -0.00204425  0.00729235 -0.00686425
-0.00204425   0.0105331 -0.00759672   0.0281453
 0.00729235 -0.00759672   0.0546433  -0.0345522
-0.00686425   0.0281453  -0.0345522    0.154643
x_ = 17.3681
5.37136
3.49073
3.22618
P_ =  0.00406418 -0.00145138  0.00807321 -0.00468933
-0.00145138  0.00841957 -0.00515222   0.0222498
 0.00807321 -0.00515222   0.0712094  -0.0231251
-0.00468933   0.0222498  -0.0231251    0.139318
x_ = 17.5342
5.49819
3.40001
3.10924
P_ =  0.00437106 -0.00214805  0.00751726 -0.00718738
-0.00214805   0.0105066 -0.00792947   0.0280028
 0.00751726 -0.00792947   0.0556673  -0.0360282
-0.00718738   0.0280028  -0.0360282    0.153875
x_ =  17.721
5.63739
3.43654
3.06318
P_ =  0.00410992 -0.00152073  0.00822114 -0.00489618
-0.00152073  0.00839164 -0.00536742   0.0221283
 0.00822114 -0.00536742   0.0718767  -0.0240942
-0.00489618   0.0221283  -0.0240942    0.138759
x_ = 17.8763
5.79303
 3.2741
3.02999
P_ =   0.0044265  -0.0022323   0.0076697  -0.0074398
 -0.0022323   0.0104917 -0.00810934   0.0279399
  0.0076697 -0.00810934   0.0562891  -0.0369118
 -0.0074398   0.0279399  -0.0369118    0.153526
x_ = 18.0402
6.02235
3.25112
3.23162
P_ =  0.00414585 -0.00157351  0.00831501 -0.00504434
-0.00157351  0.00837393 -0.00547742   0.0220645
 0.00831501 -0.00547742   0.0722833   -0.024673
-0.00504434   0.0220645   -0.024673    0.138465
x_ = 18.1993
 6.2038
3.22177
3.27875
P_ =  0.00448662 -0.00231792  0.00787655 -0.00770132
-0.00231792   0.0104663 -0.00839666   0.0278032
 0.00787655 -0.00839666    0.057301   -0.038242
-0.00770132   0.0278032   -0.038242    0.152716
x_ = 18.3123
6.48712
3.09375
3.59856
P_ =  0.00418746  -0.0016307  0.00845317 -0.00521504
 -0.0016307  0.00834772 -0.00566483   0.0219478
 0.00845317 -0.00566483   0.0729586  -0.0255661
-0.00521504   0.0219478  -0.0255661    0.137869
x_ = 18.4527
6.67218
2.97101
3.58049
P_ =  0.00456264  -0.0024176  0.00817435  -0.0080163
 -0.0024176   0.0104183 -0.00881274   0.0275558
 0.00817435 -0.00881274   0.0587975  -0.0400553
 -0.0080163   0.0275558  -0.0400553    0.151363
x_ =  18.597
6.82205
2.97231
 3.5067
P_ =  0.00424245 -0.00170049  0.00865763 -0.00543285
-0.00170049    0.008305 -0.00594089    0.021757
 0.00865763 -0.00594089   0.0739488  -0.0267775
-0.00543285    0.021757  -0.0267775    0.136936
x_ = 18.7541
 7.0081
 3.0187
3.54534
P_ =  0.00463545 -0.00250897  0.00841157 -0.00830454
-0.00250897    0.010376 -0.00908202   0.0273851
 0.00841157 -0.00908202   0.0598484  -0.0412793
-0.00830454   0.0273851  -0.0412793    0.150518
x_ = 18.9508
7.16595
3.11286
3.48382
P_ =  0.00429196 -0.00176063  0.00881166 -0.00561487
-0.00176063  0.00826917 -0.00611325    0.021625
 0.00881166 -0.00611325   0.0746336  -0.0275806
-0.00561487    0.021625  -0.0275806    0.136337
x_ = 19.0517
7.32431
2.78808
3.36875
P_ =  0.00470058 -0.00258826  0.00860196 -0.00854968
-0.00258826   0.0103438 -0.00927145   0.0272688
 0.00860196 -0.00927145   0.0606697   -0.042211
-0.00854968   0.0272688   -0.042211    0.149914
x_ = 19.1267
7.64476
2.61353
3.77401
P_ =  0.00433474 -0.00181092  0.00893187 -0.00576318
-0.00181092  0.00824113 -0.00623134   0.0215297
 0.00893187 -0.00623134   0.0751752  -0.0281955
-0.00576318   0.0215297  -0.0281955     0.13588
x_ =  19.256
7.82717
2.59334
 3.7498
P_ =  0.00478254 -0.00267903  0.00891719 -0.00883062
-0.00267903   0.0102831 -0.00964429   0.0269884
 0.00891719 -0.00964429   0.0622594  -0.0438417
-0.00883062   0.0269884  -0.0438417    0.148415
x_ = 19.3266
8.07721
2.45746
3.92478
P_ =   0.0043936 -0.00187408  0.00914779 -0.00595741
-0.00187408  0.00819139 -0.00647833   0.0213217
 0.00914779 -0.00647833   0.0762317   -0.029291
-0.00595741   0.0213217   -0.029291    0.134857
x_ = 19.4313
8.26782
2.42319
3.91533
P_ =  0.00487301 -0.00277303  0.00924576 -0.00912579
-0.00277303    0.010213 -0.00998893   0.0266988
 0.00924576 -0.00998893   0.0638164  -0.0453404
-0.00912579   0.0266988  -0.0453404    0.146978
x_ = 19.5252
8.42481
2.38419
3.82498
P_ =   0.0044573  -0.0019383  0.00936812 -0.00615432
 -0.0019383  0.00813664 -0.00670402   0.0211127
 0.00936812 -0.00670402   0.0772524  -0.0302845
-0.00615432   0.0211127  -0.0302845    0.133886
x_ = 19.6283
8.59919
 2.2416
3.73347
P_ =  0.00495727 -0.00285687  0.00950906 -0.00938944
-0.00285687   0.0101512  -0.0102159   0.0264859
 0.00950906  -0.0102159   0.0649648  -0.0464044
-0.00938944   0.0264859  -0.0464044    0.145987
x_ =  19.784
8.80018
2.32141
3.75705
P_ =  0.00451384 -0.00199283  0.00953732 -0.00631833
-0.00199283  0.00809011 -0.00684887   0.0209605
 0.00953732 -0.00684887   0.0780029  -0.0309856
-0.00631833   0.0209605  -0.0309856    0.133201
x_ = 19.8703
8.98881
2.10995
3.69708
P_ =  0.00503432 -0.00293071  0.00973889 -0.00961837
-0.00293071   0.0100976   -0.010399   0.0263091
 0.00973889   -0.010399   0.0659839  -0.0473137
-0.00961837   0.0263091  -0.0473137    0.145121
x_ = 19.9867
9.25945
2.09964
3.90958
P_ =  0.00456479    -0.00204  0.00968398  -0.0064585
   -0.00204  0.00804962 -0.00696484   0.0208316
 0.00968398 -0.00696484    0.078679  -0.0315916
 -0.0064585   0.0208316  -0.0315916    0.132584
x_ = 20.0468
9.44354
1.81269
 3.7961
P_ =  0.00511844 -0.00300596   0.0100322 -0.00984731
-0.00300596   0.0100329  -0.0106596   0.0260533
  0.0100322  -0.0106596   0.0674143  -0.0484967
-0.00984731   0.0260533  -0.0484967    0.143791
x_ =  20.116
9.72942
1.73406
4.04299
P_ =  0.00462311 -0.00209042  0.00988026 -0.00660978
-0.00209042  0.00799971 -0.00713486    0.020646
 0.00988026 -0.00713486   0.0796326  -0.0323878
-0.00660978    0.020646  -0.0323878    0.131666
x_ = 20.1788
9.97366
1.68203
4.16329
P_ =  0.0052145 -0.0030855  0.0103853 -0.0100899
-0.0030855 0.00995161 -0.0109638  0.0257254
 0.0103853 -0.0109638   0.069134 -0.0498157
-0.0100899  0.0257254 -0.0498157   0.142142
x_ = 20.2153
10.2923
1.54494
4.45276
P_ =  0.00469094 -0.00214488   0.0101188 -0.00677427
-0.00214488  0.00793823 -0.00733452   0.0204136
  0.0101188 -0.00733452     0.08077  -0.0332719
-0.00677427   0.0204136  -0.0332719    0.130556
x_ = 20.2423
10.4975
1.23881
4.31152
P_ =  0.00533203 -0.00317465   0.0108376  -0.0103578
-0.00317465   0.0098449  -0.0113368   0.0252874
  0.0108376  -0.0113368   0.0713419  -0.0513616
 -0.0103578   0.0252874  -0.0513616    0.139976
x_ = 20.2892
10.8105
1.16947
4.55694
P_ =   0.0047753 -0.00220707   0.0104266 -0.00696037
-0.00220707  0.00785844 -0.00758025   0.0201079
  0.0104266 -0.00758025   0.0822215  -0.0343049
-0.00696037   0.0201079  -0.0343049    0.129121
x_ = 20.3167
11.0629
 1.0362
4.59459
P_ = 0.00546137 -0.0032656  0.0113039 -0.0106335
-0.0032656 0.00972736 -0.0116703  0.0248437
 0.0113039 -0.0116703  0.0735129 -0.0527606
-0.0106335  0.0248437 -0.0527606   0.137882
x_ =  20.3517
 11.3171
0.992013
 4.66018
P_ =  0.00486612 -0.00226904   0.0107378 -0.00714391
-0.00226904  0.00777282 -0.00779804   0.0198035
  0.0107378 -0.00779804   0.0836367  -0.0352323
-0.00714391   0.0198035  -0.0352323    0.127739
x_ =  20.3157
  11.524
0.482818
 4.42145
P_ = 0.00559509 -0.0033529  0.0117593  -0.010897
-0.0033529 0.00960715 -0.0119543  0.0244182
 0.0117593 -0.0119543  0.0755863  -0.053992
 -0.010897  0.0244182  -0.053992   0.135901
x_ =  20.3799
  11.784
0.547429
 4.50323
P_ =  0.00495826 -0.00232721   0.0110373 -0.00731377
-0.00232721  0.00768668 -0.00798232   0.0195139
  0.0110373 -0.00798232   0.0849892  -0.0360491
-0.00731377   0.0195139  -0.0360491    0.126423
x_ =   20.402
 12.0137
0.624311
   4.571
P_ =  0.00572643 -0.00343222   0.0121858  -0.0111355
-0.00343222  0.00948926  -0.0121867    0.024022
  0.0121858  -0.0121867   0.0775116  -0.0550471
 -0.0111355    0.024022  -0.0550471    0.134064
x_ =  20.3823
 12.3395
0.478591
 4.82405
P_ =  0.00504746 -0.00237918    0.011315 -0.00746396
-0.00237918  0.00760341 -0.00813288   0.0192461
   0.011315 -0.00813288   0.0862517  -0.0367538
-0.00746396   0.0192461  -0.0367538    0.125194
x_ =   20.3498
  12.5387
0.0702285
  4.54224
P_ =  0.0058666 -0.0035086  0.0126708 -0.0113514
-0.0035086 0.00935919 -0.0124501  0.0235544
 0.0126708 -0.0124501  0.0798095 -0.0561752
-0.0113514  0.0235544 -0.0561752   0.131809
x_ =   20.3727
  12.7924
0.0983807
  4.59976
P_ =  0.00514464 -0.00243024   0.0116374 -0.00760571
-0.00243024   0.0075105 -0.00830513   0.0189278
  0.0116374 -0.00830513   0.0877687  -0.0375167
-0.00760571   0.0189278  -0.0375167     0.12369
x_ =    20.3738
   12.9917
-0.0236086
   4.44145
P_ =  0.00600189 -0.00357675   0.0131054  -0.0115542
-0.00357675  0.00923561  -0.0126429   0.0231463
  0.0131054  -0.0126429    0.081783  -0.0570726
 -0.0115542   0.0231463  -0.0570726    0.129914
x_ =   20.3361
  13.2185
-0.101235
  4.46544
P_ =  0.00523621 -0.00247457   0.0119203 -0.00773288
-0.00247457  0.00742406 -0.00843038   0.0186537
  0.0119203 -0.00843038   0.0890692  -0.0381223
-0.00773288   0.0186537  -0.0381223    0.122421
x_ =   20.3049
  13.4311
-0.222161
  4.40031
P_ =  0.00612986 -0.00363592   0.0135052   -0.011732
-0.00363592  0.00911877  -0.0127973   0.0227717
  0.0135052  -0.0127973   0.0836066  -0.0578341
  -0.011732   0.0227717  -0.0578341    0.128164
x_ =   20.2744
  13.7255
-0.295944
  4.58466
P_ =  0.00532214 -0.00251265   0.0121796  -0.0078432
-0.00251265  0.00734299 -0.00853102   0.0184028
  0.0121796 -0.00853102     0.09028   -0.038641
 -0.0078432   0.0184028   -0.038641     0.12124
x_ =   20.2336
  13.9202
-0.522724
  4.37683
P_ =  0.00626314 -0.00369068   0.0139576  -0.0118826
-0.00369068  0.00899316  -0.0129784   0.0223323
  0.0139576  -0.0129784   0.0857775  -0.0586336
 -0.0118826   0.0223323  -0.0586336    0.126026
x_ =  20.1644
 14.2126
-0.64647
 4.56644
P_ =  0.00541401 -0.00254885   0.0124808 -0.00794225
-0.00254885  0.00725433 -0.00864975   0.0181046
  0.0124808 -0.00864975   0.0917278  -0.0391922
-0.00794225   0.0181046  -0.0391922    0.119804
x_ =   20.0995
  14.4195
-0.825028
  4.43828
P_ =  0.00640319 -0.00374154   0.0144416  -0.0120194
-0.00374154   0.0088587  -0.0131538   0.0218567
  0.0144416  -0.0131538    0.088088  -0.0593828
 -0.0120194   0.0218567  -0.0593828    0.123742
x_ =  19.9753
 14.7151
-1.03407
 4.64124
P_ =  0.00551113 -0.00258268   0.0128039 -0.00803366
-0.00258268  0.00715954 -0.00876474   0.0177833
  0.0128039 -0.00876474   0.0932628    -0.03971
-0.00803366   0.0177833    -0.03971    0.118281
x_ =  19.9121
 14.9131
-1.11073
 4.51119
P_ =  0.00655599 -0.00378893   0.0149863  -0.0121359
-0.00378893    0.008708  -0.0133338    0.021311
  0.0149863  -0.0133338   0.0907011  -0.0600992
 -0.0121359    0.021311  -0.0600992    0.121131
x_ =  19.8898
 15.1404
-1.04088
 4.50354
P_ =   0.0056183 -0.00261465   0.0131702 -0.00811447
-0.00261465  0.00705314 -0.00888313   0.0174153
  0.0131702 -0.00888313   0.0949945  -0.0402097
-0.00811447   0.0174153  -0.0402097    0.116553
x_ =  19.7869
 15.3071
-1.56158
 4.03273
P_ =  0.00670075 -0.00383071   0.0154428  -0.0122663
-0.00383071  0.00857211  -0.0134326   0.0208795
  0.0154428  -0.0134326   0.0927414  -0.0606145
 -0.0122663   0.0208795  -0.0606145    0.119176
x_ =  19.7554
 15.4988
-1.45735
 3.99284
P_ =  0.00571569 -0.00264119    0.013466 -0.00819466
-0.00264119  0.00695983 -0.00894766   0.0171294
   0.013466 -0.00894766   0.0963401  -0.0405627
-0.00819466   0.0171294  -0.0405627    0.115244
x_ =  19.6769
 15.6753
-1.51809
 3.89139
P_ =  0.00683131 -0.00386419   0.0158316  -0.0123793
-0.00386419  0.00845056  -0.0134897    0.020515
  0.0158316  -0.0134897   0.0944811  -0.0610013
 -0.0123793    0.020515  -0.0610013    0.117506
x_ = 19.5519
15.9276
-1.6509
4.04278
P_ =  0.00580211 -0.00266192   0.0137156 -0.00826186
-0.00266192  0.00687746 -0.00898571   0.0168889
  0.0137156 -0.00898571   0.0975025  -0.0408318
-0.00826186   0.0168889  -0.0408318     0.11411
x_ =  19.4541
 16.1189
-1.70255
  4.0032
P_ =  0.00696515 -0.00389157   0.0162803  -0.0124444
-0.00389157  0.00832063  -0.0135747   0.0200711
  0.0162803  -0.0135747   0.0966515  -0.0613734
 -0.0124444   0.0200711  -0.0613734    0.115343
x_ =  19.3403
 16.3204
-1.76513
  4.0167
P_ =  0.00589415 -0.00267956   0.0140152 -0.00830513
-0.00267956  0.00678698 -0.00904161   0.0165897
  0.0140152 -0.00904161   0.0989618  -0.0411012
-0.00830513   0.0165897  -0.0411012    0.112651
x_ =  19.2342
 16.4925
-1.94929
 3.81589
P_ =  0.00710071 -0.00391412   0.0167358  -0.0124977
-0.00391412  0.00818812  -0.0136417   0.0196202
  0.0167358  -0.0136417   0.0988227  -0.0616711
 -0.0124977   0.0196202  -0.0616711    0.113186
x_ = 19.0825
16.7456
-2.0972
3.97799
P_ =  0.00598742   -0.002694   0.0143188 -0.00834086
  -0.002694  0.00669497 -0.00908577    0.016287
  0.0143188 -0.00908577    0.100416    -0.04132
-0.00834086    0.016287    -0.04132    0.111204
x_ =  18.9411
 16.9146
-2.49392
 3.61829
P_ =  0.00724518 -0.00393157   0.0172415  -0.0125217
-0.00393157  0.00804401  -0.0137077   0.0191112
  0.0172415  -0.0137077    0.101258  -0.0618996
 -0.0125217   0.0191112  -0.0618996    0.110745
x_ = 18.7273
17.2041
 -2.742
3.89703
P_ =  0.00608824 -0.00270528   0.0146591 -0.00835972
-0.00270528  0.00659419 -0.00912881   0.0159446
  0.0146591 -0.00912881    0.102042  -0.0414963
-0.00835972   0.0159446  -0.0414963    0.109577
x_ =  18.607
17.4091
-2.5967
4.02298
P_ =  0.00740901 -0.00394218   0.0178455   -0.012497
-0.00394218  0.00787525   -0.013775   0.0184882
  0.0178455   -0.013775    0.104196  -0.0620205
  -0.012497   0.0184882  -0.0620205    0.107757
x_ =  18.3807
 17.6389
-2.82449
 4.12262
P_ =  0.00620483 -0.00271231   0.0150704 -0.00835056
-0.00271231  0.00647522 -0.00917227   0.0155251
  0.0150704 -0.00917227    0.103998  -0.0416104
-0.00835056   0.0155251  -0.0416104    0.107605
x_ =  18.2306
 17.8257
-2.88367
 4.03279
P_ = 0.00758481 -0.0039471  0.0184668 -0.0124656
-0.0039471 0.00769674 -0.0138027  0.0178592
 0.0184668 -0.0138027   0.107117 -0.0620221
-0.0124656  0.0178592 -0.0620221   0.104829
x_ =  18.1187
 18.0178
-2.80667
 3.99981
P_ =  0.00632804 -0.00271493   0.0154872 -0.00833337
-0.00271493  0.00635083 -0.00919018   0.0151057
  0.0154872 -0.00919018    0.105927  -0.0416419
-0.00833337   0.0151057  -0.0416419    0.105676
x_ =  17.9495
 18.1546
-3.09414
 3.60283
P_ =  0.00775252 -0.00394859   0.0189972  -0.0124672
-0.00394859  0.00753396  -0.0137751   0.0173477
  0.0189972  -0.0137751    0.109478  -0.0619668
 -0.0124672   0.0173477  -0.0619668    0.102532
x_ = 17.8395
18.2895
-2.9714
3.48679
P_ =   0.0064411 -0.00271446   0.0158315 -0.00833037
-0.00271446  0.00624018 -0.00917365   0.0147699
  0.0158315 -0.00917365    0.107484   -0.041622
-0.00833037   0.0147699   -0.041622    0.104147
x_ =  17.713
18.4525
-3.0034
3.35798
P_ = 0.00789958 -0.0039458  0.0194223 -0.0124813
-0.0039458 0.00739376 -0.0137153  0.0169451
 0.0194223 -0.0137153   0.111346 -0.0618726
-0.0124813  0.0169451 -0.0618726   0.100726
x_ =  17.5009
 18.6647
-3.16491
 3.47785
P_ =  0.00653768 -0.00271114   0.0161022 -0.00833296
-0.00271114  0.00614677 -0.00913802   0.0145084
  0.0161022 -0.00913802    0.108733  -0.0415705
-0.00833296   0.0145084  -0.0415705    0.102921
x_ =  17.3278
 18.7884
-3.34199
 3.18342
P_ =  0.00804594 -0.00393454    0.019902  -0.0124186
-0.00393454  0.00724861  -0.0136675   0.0164647
   0.019902  -0.0136675    0.113664  -0.0616203
 -0.0124186   0.0164647  -0.0616203   0.0983915
x_ =  17.1726
 18.9293
-3.30586
 3.13907
P_ =  0.00663785 -0.00270234   0.0164222 -0.00829106
-0.00270234  0.00604695 -0.00910683   0.0141869
  0.0164222 -0.00910683    0.110301  -0.0414247
-0.00829106   0.0141869  -0.0414247    0.101342
x_ =  17.0033
 19.0909
-3.40074
 3.05453
P_ =  0.00818366 -0.00391918   0.0203364  -0.0123655
-0.00391918  0.00711242  -0.0135939   0.0160339
  0.0203364  -0.0135939    0.115706  -0.0613422
 -0.0123655   0.0160339  -0.0613422   0.0963604
x_ =  16.7784
  19.224
-3.51651
 3.03143
P_ =  0.00673101 -0.00269099   0.0167088 -0.00825467
-0.00269099  0.00595443 -0.00906039   0.0139016
  0.0167088 -0.00906039    0.111681  -0.0412585
-0.00825467   0.0139016  -0.0412585   0.0999677
x_ =  16.5839
 19.3716
-3.69683
 2.86265
P_ =  0.00832361 -0.00389613   0.0208098  -0.0122612
-0.00389613  0.00697013  -0.0135125   0.0155519
  0.0208098  -0.0135125    0.118006  -0.0609187
 -0.0122612   0.0155519  -0.0609187   0.0940343
x_ =  16.3367
  19.561
-3.86279
 2.98451
P_ =  0.00682801 -0.00267448    0.017028 -0.00818758
-0.00267448  0.00585626 -0.00900686   0.0135786
   0.017028 -0.00900686    0.113238  -0.0410015
-0.00818758   0.0135786  -0.0410015   0.0984018
x_ =  16.1181
 19.6309
-4.04662
 2.61524
P_ =  0.00847564 -0.00386264   0.0213551  -0.0120926
-0.00386264  0.00681189  -0.0134108   0.0149866
  0.0213551  -0.0134108    0.120682  -0.0602906
 -0.0120926   0.0149866  -0.0602906   0.0913065
x_ =  15.9056
 19.7884
-4.08321
 2.67592
P_ =  0.00693564 -0.00265073   0.0174005 -0.00808065
-0.00265073  0.00574573 -0.00893787   0.0131981
  0.0174005 -0.00893787     0.11504  -0.0406172
-0.00808065   0.0131981  -0.0406172   0.0965821
x_ =  15.7096
 19.9051
-4.05179
 2.64074
P_ =  0.00862773 -0.00382435   0.0218661  -0.0119447
-0.00382435  0.00665618  -0.0132741   0.0144692
  0.0218661  -0.0132741    0.123071  -0.0596529
 -0.0119447   0.0144692  -0.0596529    0.088914
x_ =  15.4669
 20.0824
-4.16766
 2.75065
P_ =  0.00704087  -0.0026239   0.0177422 -0.00798473
 -0.0026239  0.00563898 -0.00884927   0.0128551
  0.0177422 -0.00884927    0.116639  -0.0402216
-0.00798473   0.0128551  -0.0402216   0.0949884
x_ =  15.2356
 20.2271
-4.32841
 2.63299
P_ = 0.00878323 -0.0037783  0.0223941 -0.0117589
-0.0037783 0.00649694 -0.0131157  0.0139331
 0.0223941 -0.0131157   0.125572 -0.0588626
-0.0117589  0.0139331 -0.0588626  0.0863963
x_ =   15.068
 20.3574
-4.21264
 2.61351
P_ =  0.00714885 -0.00259152   0.0180968 -0.00786369
-0.00259152  0.00552936 -0.00874515   0.0124982
  0.0180968 -0.00874515    0.118317  -0.0397247
-0.00786369   0.0124982  -0.0397247   0.0933065
x_ =  14.8319
  20.434
-4.39411
 2.29849
P_ =  0.00893497 -0.00372869   0.0228869  -0.0115847
-0.00372869  0.00634463  -0.0129358   0.0134424
  0.0228869  -0.0129358    0.127861  -0.0580566
 -0.0115847   0.0134424  -0.0580566   0.0841173
x_ =  14.6229
 20.5572
-4.37261
 2.31217
P_ =  0.00725252 -0.00255678   0.0184234  -0.0077483
-0.00255678  0.00542555  -0.0086282   0.0121733
  0.0184234  -0.0086282    0.119852  -0.0392106
 -0.0077483   0.0121733  -0.0392106   0.0917756
x_ =  14.3759
 20.6431
-4.57577
 2.03817
P_ =  0.00908009 -0.00367412   0.0233532  -0.0113975
-0.00367412  0.00619804  -0.0127398   0.0129745
  0.0233532  -0.0127398    0.130044  -0.0571821
 -0.0113975   0.0129745  -0.0571821   0.0819287
x_ =  14.1331
 20.7195
-4.59716
 1.98985
P_ =  0.00735153 -0.00251884   0.0187331 -0.00762446
-0.00251884  0.00532591 -0.00850127   0.0118635
  0.0187331 -0.00850127    0.121325  -0.0386498
-0.00762446   0.0118635  -0.0386498   0.0903001
x_ =  13.8879
 20.7883
-4.74527
 1.73603
P_ =  0.00922106 -0.00361232   0.0238164  -0.0111743
-0.00361232  0.00605259   -0.012525      0.0125
  0.0238164   -0.012525    0.132257   -0.056172
 -0.0111743      0.0125   -0.056172   0.0796825
x_ =  13.6069
 20.8603
-4.84366
 1.71965
P_ =  0.00744877 -0.00247598   0.0190443 -0.00747787
-0.00247598  0.00522661 -0.00836125   0.0115481
  0.0190443 -0.00836125    0.122827   -0.038002
-0.00747787   0.0115481   -0.038002   0.0887861
x_ =  13.3544
 20.8876
-5.01125
 1.32447
P_ = 0.00936165 -0.0035412  0.0242921 -0.0109043
-0.0035412  0.0059043  -0.012284  0.0120043
 0.0242921  -0.012284   0.134557 -0.0549878
-0.0109043  0.0120043 -0.0549878  0.0773273
x_ =  13.1184
 20.9251
-4.96301
 1.26137
P_ =  0.00754703 -0.00242666   0.0193676 -0.00730159
-0.00242666  0.00512483 -0.00820306   0.0112176
  0.0193676 -0.00820306    0.124391  -0.0372438
-0.00730159   0.0112176  -0.0372438   0.0872035
x_ =  12.8761
  20.981
-5.01031
 1.13469
P_ =  0.00949431 -0.00346834   0.0247178  -0.0106663
-0.00346834  0.00576556  -0.0120308   0.0115678
  0.0247178  -0.0120308    0.136558  -0.0538827
 -0.0106663   0.0115678  -0.0538827   0.0753063
x_ =  12.7073
 21.0164
-4.80194
 1.06655
P_ =  0.00763818 -0.00237687   0.0196527 -0.00714574
-0.00237687  0.00503106 -0.00804056   0.0109299
  0.0196527 -0.00804056    0.125751  -0.0365325
-0.00714574   0.0109299  -0.0365325   0.0858415
x_ =  12.4374
 21.0573
-4.96717
0.880675
P_ =  0.00961432 -0.00339913   0.0250812  -0.0104724
-0.00339913  0.00564303  -0.0117858   0.0112049
  0.0250812  -0.0117858    0.138244  -0.0529016
 -0.0104724   0.0112049  -0.0529016   0.0736278
x_ =   12.194
 21.1015
-4.95498
0.879411
P_ =  0.00771897 -0.00233006   0.0198927 -0.00701748
-0.00233006  0.00494934  -0.0078851   0.0106921
  0.0198927  -0.0078851    0.126903  -0.0358902
-0.00701748   0.0106921  -0.0358902   0.0846953
x_ =  11.9471
 21.1172
-5.04676
0.625967
P_ =  0.00973199 -0.00332053   0.0254767  -0.0101876
-0.00332053  0.00551754  -0.0115199   0.0107897
  0.0254767  -0.0115199    0.140204  -0.0515976
 -0.0101876   0.0107897  -0.0515976   0.0716084
x_ =  11.7188
 21.0886
-4.96158
0.498837
P_ =  0.00780142 -0.00227578    0.020164 -0.00683027
-0.00227578  0.00486335 -0.00770936   0.0104136
   0.020164 -0.00770936    0.128254  -0.0350391
-0.00683027   0.0104136  -0.0350391   0.0833214
x_ =  11.4596
 21.0721
-5.05457
0.259209
P_ =  0.00984185 -0.00324118   0.0258311 -0.00993339
-0.00324118   0.0054002   -0.011247   0.0104205
  0.0258311   -0.011247    0.141908  -0.0503919
-0.00993339   0.0104205  -0.0503919   0.0698682
x_ =  11.2631
 21.0662
-4.90757
0.205639
P_ =  0.00787749 -0.00222175   0.0204047  -0.0066636
-0.00222175  0.00478402 -0.00753263   0.0101687
  0.0204047 -0.00753263    0.129429  -0.0342521
 -0.0066636   0.0101687  -0.0342521   0.0821376
x_ =    10.9915
   21.0264
  -5.03598
-0.0541046
P_ =  0.00994288 -0.00316222    0.026152 -0.00969225
-0.00316222  0.00529164  -0.0109753   0.0100854
   0.026152  -0.0109753    0.143455  -0.0492202
-0.00969225   0.0100854  -0.0492202   0.0682872
x_ =   10.8022
  20.9889
 -4.86637
-0.140381
P_ =  0.00794728  -0.0021683    0.020623  -0.0065054
 -0.0021683  0.00471098 -0.00735742  0.00994679
   0.020623 -0.00735742    0.130501  -0.0334825
 -0.0065054  0.00994679  -0.0334825   0.0810567
x_ =   10.5283
  20.9891
 -4.94686
-0.117187
P_ =   0.0100345 -0.00308345   0.0264438 -0.00945428
-0.00308345  0.00519092  -0.0107054  0.00977536
  0.0264438  -0.0107054    0.144882  -0.0480534
-0.00945428  0.00977536  -0.0480534   0.0668127
x_ =     10.227
   21.0385
  -5.10401
0.00646892
P_ =  0.00801101 -0.00211516   0.0208234 -0.00634947
-0.00211516  0.00464329 -0.00718319  0.00974105
  0.0208234 -0.00718319    0.131499   -0.032713
-0.00634947  0.00974105   -0.032713   0.0800448
x_ =  9.96656
 21.0198
-5.19367
-0.21526
P_ =   0.0101364 -0.00298201   0.0268334   -0.009022
-0.00298201  0.00507198  -0.0103663  0.00933927
  0.0268334  -0.0103663    0.146914  -0.0461689
  -0.009022  0.00933927  -0.0461689   0.0646467
x_ =  9.81359
 20.9768
-4.91308
-0.30563
P_ =  0.00808697 -0.00204366   0.0211035 -0.00606508
-0.00204366  0.00455953 -0.00695068   0.0094434
  0.0211035 -0.00695068    0.132913  -0.0314843
-0.00606508   0.0094434  -0.0314843     0.07858
x_ =   9.56348
  20.9643
 -4.93094
-0.311255
